
// aaaa0703a5550f3030303030300000080500009b init1
// aaaa1401a5550fffffffffffffffff080500017f init2
// aaaa1401a5550fffffffffffffffff080500017f
// aaaa1401a5550fffffffffffffffff080500017f

// aaaa1301a5550fffffffffffffffff080500007d
// aaaa1301a5550fffffffffffffffff080500007d


// -00- aaaa1301a5 550f600000-00b4720020 fe00010071 -20- 1c0000caf4feff4b000000000000000000000000 -40- 0000002b1f 0000000000-0010100000 0000000000 
// -60- 000000dbf2 1200000000-0000380904 0f04d10721 -80- 000000090000000900000005feffff2600000003 -100- 0000000700000000000000000000008d5555

/*
Inmotion: in: length: 118  data : new Uint8Array([170, 170, 19, 1, 165, 85, 15, 96, 0, 0,-10- 0, 180, 114, 0, 32, 254, 0, 1, 0, 134,--20-- 7, 0, 0, 176, 226, 254, 255, 27, 0, 0, 0, 0, 0, 0, 0, 0, 0, 0 , 0, 1,-40- 0, 0, 0, 57, 31, 0, 0, 0, 0, 0,-50- 0, 27, 27, 0, 0, 0, 0, 0, 0, 0,-60- 0, 0, 0, 225, 242, 18, 0, 0, 0, 0,-70- 0, 0, 27, 43, 4, 15, 4, 209, 7, 33,-80- 0, 0, 0, 181, 0, 0, 0, 181, 0, 0, 0, 29, 252, 255, 255, 8, 0, 0, 0, 241, 255, 255, 255, 7, 0, 0, 0, 0, 0, 0, 0, 0, 0, 0, 0, 156, 85, 85])
Inmotion: live in
Inmotion: in: length: 120  data : new Uint8Array([170, 170, 19, 1, 165, 85, 15, 96, 0, 0, 0, 180, 114, 0, 32, 254, 0, 1, 0, 150, 8, 0, 0, 65, 229, 254, 255, 35, 0, 0, 0, 0, 0, 0, 0, 0, 0, 0, 0, 1, 0, 0, 0, 57, 31, 0, 0, 0, 0, 0, 0, 27, 27, 0, 0, 0, 0, 0, 0, 0, 0, 0, 0, 225, 242, 18, 0, 0, 0, 0, 0, 0, 28, 43, 4, 15, 4, 209, 7, 33, 0, 0, 0, 165, 170, 0, 0, 0, 165, 170, 0, 0, 0, 28, 252, 255, 255, 4, 0, 0, 0, 0, 0, 0, 0, 7, 0, 0, 0, 0, 0, 0, 0, 0, 0, 0, 0, 65, 85, 85])
Inmotion: live in
Inmotion: in: length: 118  data : new Uint8Array([170, 170, 19, 1, 165, 85, 15, 96, 0, 0, 0, 180, 114, 0, 32, 254, 0, 1, 0, 100, 9, 0, 0, 48, 244, 254, 255, 35, 0, 0, 0, 0, 0, 0, 0, 0, 0, 0, 0, 1, 0, 0, 0, 57, 31, 0, 0, 0, 0, 0, 0, 27, 27, 0, 0, 0, 0, 0, 0, 0, 0, 0, 0, 225, 242, 18, 0, 0, 0, 0, 0, 0, 28, 43, 4, 15, 4, 209, 7, 33, 0, 0, 0, 166, 0, 0, 0, 166, 0, 0, 0, 29, 252, 255, 255, 17, 0, 0, 0, 246, 255, 255, 255, 7, 0, 0, 0, 0, 0, 0, 0, 0, 0, 0, 0, 7, 85, 85])
*/